0.157952 
0.155936 
0.157696 
0.155648 
0.156224 
0.156032 
0.155744 
0.156096 
0.156096 
0.156288 
0.155616 
0.155616 
0.156096 
0.156544 
0.155584 
0.156224 
0.155776 
0.155616 
0.155584 
0.156288 
0.155904 
0.155648 
0.155040 
0.155296 
0.155616 
0.155648 
0.155808 
0.156096 
0.156384 
0.155744 
0.158112 
0.156608 
0.155648 
0.156480 
0.156032 
0.155648 
0.154624 
0.156384 
0.155648 
0.156640 
0.155872 
0.155104 
0.156928 
0.156640 
0.155648 
0.156640 
0.156640 
0.156096 
0.155552 
0.155360 
0.157024 
0.155616 
0.155776 
0.155072 
0.157088 
0.155616 
0.155520 
0.155552 
0.156544 
0.155424 
0.155808 
0.155488 
0.156512 
0.155328 
0.155424 
0.156032 
0.155456 
0.155264 
0.156224 
0.156064 
0.155424 
0.155616 
0.155712 
0.156064 
0.155488 
0.155616 
0.156064 
0.156096 
0.155456 
0.156128 
0.155072 
0.155296 
0.155072 
0.155360 
0.155616 
0.155072 
0.155392 
0.155392 
0.155648 
0.155648 
0.155936 
0.155616 
0.155616 
0.155616 
